0.000000, 0.926605 
0.000452, 0.648175 
0.000904, 0.855992 
0.001357, 1.572681 
0.001809, 2.791704 
0.002262, 3.114705 
0.002714, 1.049544 
0.003167, 0.933750 
0.003620, 0.797527 
0.004073, 0.731735 
0.004526, 1.245895 
0.004979, 0.322838 
0.005432, 1.480854 
0.005885, 0.348326 
0.006339, 1.431010 
0.006792, 1.407059 
0.007246, 2.355471 
0.007700, 2.853570 
0.008153, 2.133859 
0.008607, 2.133138 
0.009061, 2.261866 
0.009515, 2.151281 
0.009970, 3.232305 
0.010424, 6.727697 
0.010878, 4.289661 
0.011333, 3.202947 
0.011787, 1.703630 
0.012242, 0.874454 
0.012697, 0.833990 
0.013151, 0.944303 
0.013606, 1.111548 
0.014061, 1.273773 
0.014517, 1.255709 
0.014972, 0.788592 
0.015427, 0.991372 
0.015883, 1.356284 
0.016338, 1.747078 
0.016794, 1.675426 
0.017249, 1.218772 
0.017705, 1.117805 
0.018161, 1.402094 
0.018617, 1.249733 
0.019073, 1.320329 
0.019529, 2.535299 
0.019986, 2.942355 
0.020442, 1.780915 
0.020899, 1.270114 
0.021355, 0.872771 
0.021812, 0.364723 
0.022269, 0.327208 
0.022726, 0.334441 
0.023183, 0.222280 
0.023640, 0.224151 
0.024097, 0.348647 
0.024554, 0.430947 
0.025012, 0.414659 
0.025469, 0.490040 
0.025927, 0.808140 
0.026385, 0.909282 
0.026842, 1.148615 
0.027300, 2.381953 
0.027758, 6.145924 
0.028216, 3.904135 
0.028675, 0.917810 
0.029133, 0.814209 
0.029591, 0.852230 
0.030050, 0.736518 
0.030508, 0.514352 
0.030967, 0.741514 
0.031426, 0.826847 
0.031885, 1.073394 
0.032344, 1.499753 
0.032803, 1.604139 
0.033262, 1.794981 
0.033721, 1.928476 
0.034181, 1.396251 
0.034640, 1.961663 
0.035100, 0.894091 
0.035560, 1.355279 
0.036019, 1.923013 
0.036479, 1.964540 
0.036939, 3.995319 
0.037399, 2.453677 
0.037860, 1.366165 
0.038320, 3.169206 
0.038780, 6.541790 
0.039241, 3.499696 
0.039701, 0.798425 
0.040162, 0.759863 
0.040623, 0.302354 
0.041084, 0.973432 
0.041545, 0.296554 
0.042006, 0.595539 
0.042467, 0.993230 
0.042929, 1.129470 
0.043390, 0.720036 
0.043852, 0.888678 
0.044313, 0.431114 
0.044775, 0.303208 
0.045237, 0.196912 
0.045699, 0.164304 
0.046161, 0.190257 
0.046623, 0.365942 
0.047085, 0.331656 
0.047548, 0.652904 
0.048010, 0.699833 
0.048473, 0.533455 
0.048936, 0.857564 
0.049398, 0.659033 
0.049861, 0.163816 
0.050324, 0.403639 
0.050787, 0.110951 
0.051251, 0.191072 
0.051714, 0.406877 
0.052177, 0.459956 
0.052641, 0.637651 
0.053104, 0.922072 
0.053568, 0.658367 
0.054032, 0.587680 
0.054496, 0.616904 
0.054960, 0.741589 
0.055424, 1.524975 
0.055888, 0.936336 
0.056353, 0.433066 
0.056817, 0.450772 
0.057282, 0.436991 
0.057747, 0.471992 
0.058211, 0.237222 
0.058676, 0.603261 
0.059141, 0.659940 
0.059606, 0.677794 
0.060072, 0.734492 
0.060537, 1.242251 
0.061002, 1.773189 
0.061468, 1.353264 
0.061933, 1.090415 
0.062399, 1.000365 
0.062865, 1.034940 
0.063331, 0.553996 
0.063797, 0.522677 
0.064263, 0.628983 
0.064730, 1.277216 
0.065196, 1.483048 
0.065662, 1.685766 
0.066129, 1.881594 
0.066596, 1.986384 
0.067063, 1.338016 
0.067529, 1.322781 
0.067996, 1.271575 
0.068464, 0.992061 
0.068931, 1.209640 
0.069398, 1.466426 
0.069866, 0.895736 
0.070333, 1.337786 
0.070801, 1.230421 
0.071269, 0.531895 
0.071737, 0.462467 
0.072205, 0.689462 
0.072673, 0.771483 
0.073141, 0.931851 
0.073609, 1.945652 
0.074078, 6.359977 
0.074546, 4.429684 
0.075015, 1.042161 
0.075484, 0.390794 
0.075953, 1.130709 
0.076422, 0.627628 
0.076891, 1.010645 
0.077360, 1.421581 
0.077829, 1.306284 
0.078299, 1.235444 
0.078768, 1.238683 
0.079238, 0.606463 
0.079708, 0.950731 
0.080177, 1.099670 
0.080647, 1.148772 
0.081118, 6.252934 
0.081588, 5.486404 
0.082058, 1.351441 
0.082529, 1.447339 
0.082999, 1.067906 
0.083470, 0.513977 
0.083940, 0.602777 
0.084411, 0.789128 
0.084882, 0.584402 
0.085353, 0.869507 
0.085825, 0.610693 
0.086296, 0.240629 
0.086767, 0.337368 
0.087239, 0.157484 
0.087710, 0.359480 
0.088182, 0.229238 
0.088654, 0.197797 
0.089126, 0.277375 
0.089598, 0.571811 
0.090070, 0.629361 
0.090543, 0.575146 
0.091015, 0.407881 
0.091488, 0.164942 
0.091960, 0.269843 
0.092433, 0.159782 
0.092906, 0.055384 
0.093379, 0.386830 
0.093852, 0.008332 
0.094325, 0.289557 
0.094799, 0.021115 
0.095272, 0.059849 
0.095746, 0.103205 
0.096219, 0.078686 
0.096693, 0.218234 
0.097167, 0.338593 
0.097641, 0.252403 
0.098115, 0.225397 
0.098590, 0.308640 
0.099064, 0.495575 
0.099538, 0.943281 
0.100013, 1.506649 
0.100488, 1.490293 
0.100962, 1.508827 
0.101437, 1.717971 
0.101912, 1.366903 
0.102388, 1.166923 
0.102863, 2.452428 
0.103338, 2.597140 
0.103814, 1.723194 
0.104289, 1.735685 
0.104765, 1.178739 
0.105241, 1.211802 
0.105717, 1.112067 
0.106193, 0.885475 
0.106669, 1.012261 
0.107146, 1.554238 
0.107622, 1.596841 
0.108099, 0.874102 
0.108575, 0.774463 
0.109052, 0.963804 
0.109529, 1.185410 
0.110006, 0.887089 
0.110483, 0.427332 
0.110960, 0.581000 
0.111438, 0.800082 
0.111915, 1.052874 
0.112393, 1.060790 
0.112871, 0.667508 
0.113348, 0.536345 
0.113826, 0.683813 
0.114304, 1.412114 
0.114783, 1.593211 
0.115261, 1.140403 
0.115739, 1.152591 
0.116218, 1.326158 
0.116696, 1.517477 
0.117175, 0.965946 
0.117654, 0.890520 
0.118133, 0.659731 
0.118612, 1.103342 
0.119092, 1.708094 
0.119571, 1.782040 
0.120050, 1.440863 
0.120530, 1.305330 
0.121010, 2.459013 
0.121490, 1.890760 
0.121970, 1.041515 
0.122450, 0.779342 
0.122930, 0.490496 
0.123410, 0.156967 
0.123891, 1.381875 
0.124371, 3.565771 
0.124852, 1.216076 
0.125333, 0.880973 
0.125814, 0.585996 
0.126295, 1.055433 
0.126776, 0.776362 
0.127257, 0.779837 
0.127738, 1.187077 
0.128220, 0.707542 
0.128702, 0.728819 
0.129183, 1.321751 
0.129665, 0.603655 
0.130147, 0.785478 
0.130629, 0.793691 
0.131112, 0.520680 
0.131594, 0.850546 
0.132076, 0.900226 
0.132559, 0.865560 
0.133042, 0.782071 
0.133525, 0.283148 
0.134008, 0.173477 
0.134491, 0.513169 
0.134974, 2.658782 
0.135457, 1.427703 
0.135941, 0.280696 
0.136424, 0.904631 
0.136908, 3.062023 
0.137392, 3.530313 
0.137876, 1.396497 
0.138360, 0.708778 
0.138844, 0.911232 
0.139328, 1.207750 
0.139813, 0.965848 
0.140297, 0.704909 
0.140782, 0.603988 
0.141267, 0.453711 
0.141752, 0.632584 
0.142237, 0.727825 
0.142722, 0.543443 
0.143207, 0.259793 
0.143693, 0.131097 
0.144178, 0.161358 
0.144664, 0.255145 
0.145150, 0.224223 
0.145636, 0.315008 
0.146122, 0.198029 
0.146608, 0.489918 
0.147094, 0.750792 
0.147581, 0.567768 
0.148067, 0.488435 
0.148554, 0.395542 
0.149041, 0.378186 
0.149527, 1.149961 
0.150014, 1.685195 
0.150502, 2.239386 
0.150989, 1.879230 
0.151476, 1.395645 
0.151964, 0.483212 
0.152452, 0.983521 
0.152939, 0.166442 
0.153427, 0.421642 
0.153915, 0.247135 
0.154404, 0.257893 
0.154892, 1.010403 
0.155380, 2.598983 
0.155869, 5.485857 
0.156357, 2.190104 
0.156846, 0.938039 
0.157335, 0.663720 
0.157824, 1.060576 
0.158313, 0.341663 
0.158803, 0.317801 
0.159292, 0.656602 
0.159782, 0.197331 
0.160271, 0.722817 
0.160761, 0.447981 
0.161251, 0.981078 
0.161741, 0.478648 
0.162231, 1.332940 
0.162722, 1.260498 
0.163212, 1.597097 
0.163703, 1.835600 
0.164194, 1.724622 
0.164684, 1.441821 
0.165175, 2.010811 
0.165666, 2.486648 
0.166158, 1.565746 
0.166649, 0.793935 
0.167141, 0.568414 
0.167632, 0.897309 
0.168124, 0.697855 
0.168616, 0.474713 
0.169108, 0.950802 
0.169600, 0.637186 
0.170092, 0.640287 
0.170585, 0.419247 
0.171077, 0.446334 
0.171570, 0.604276 
0.172063, 0.623917 
0.172555, 0.700385 
0.173048, 0.800150 
0.173542, 0.835771 
0.174035, 0.993733 
0.174528, 0.743976 
0.175022, 0.523213 
0.175516, 1.253943 
0.176009, 0.943702 
0.176503, 1.422414 
0.176998, 1.840796 
0.177492, 3.289762 
0.177986, 11.321724 
0.178481, 6.382998 
0.178975, 6.219523 
0.179470, 13.608899 
0.179965, 19.325550 
0.180460, 7.034457 
0.180955, 4.031891 
0.181450, 2.960761 
0.181946, 0.510963 
0.182441, 0.649768 
0.182937, 0.555962 
0.183433, 1.218024 
0.183929, 1.912431 
0.184425, 2.286108 
0.184921, 2.250092 
0.185417, 0.605011 
0.185914, 2.122613 
0.186410, 1.580722 
0.186907, 1.646732 
0.187404, 3.002263 
0.187901, 3.502200 
0.188398, 4.537199 
0.188895, 6.311665 
0.189393, 4.145946 
0.189890, 2.108140 
0.190388, 1.188230 
0.190886, 0.943785 
0.191383, 0.870726 
0.191882, 0.688086 
0.192380, 1.012178 
0.192878, 1.348168 
0.193377, 1.510120 
0.193875, 1.468983 
0.194374, 0.901138 
0.194873, 0.772551 
0.195372, 1.022217 
0.195871, 1.716367 
0.196370, 1.483925 
0.196870, 0.499508 
0.197369, 0.209685 
0.197869, 0.135168 
0.198369, 0.623224 
0.198869, 0.696260 
0.199369, 0.669991 
0.199869, 0.908602 
0.200369, 1.183715 
0.200870, 1.497642 
0.201370, 3.753034 
0.201871, 9.418091 
0.202372, 14.003609 
0.202873, 20.473442 
0.203374, 11.441635 
0.203876, 2.610564 
0.204377, 0.515152 
0.204879, 0.462200 
0.205381, 1.065602 
0.205882, 0.907021 
0.206384, 1.379157 
0.206887, 1.412500 
0.207389, 0.829731 
0.207891, 0.968643 
0.208394, 0.700567 
0.208897, 0.519443 
0.209399, 0.875095 
0.209902, 1.313011 
0.210405, 1.568148 
0.210909, 1.853953 
0.211412, 1.285620 
0.211916, 1.065312 
0.212419, 1.206073 
0.212923, 0.954524 
0.213427, 0.416287 
0.213931, 0.435949 
0.214435, 0.724327 
0.214940, 2.043336 
0.215444, 3.326186 
0.215949, 2.109710 
0.216454, 1.358622 
0.216959, 0.987571 
0.217464, 0.688408 
0.217969, 0.612300 
0.218474, 0.892174 
0.218980, 0.111191 
0.219485, 0.883747 
0.219991, 0.124506 
0.220497, 0.955758 
0.221003, 0.661613 
0.221509, 0.917858 
0.222016, 1.303705 
0.222522, 1.205457 
0.223029, 0.849819 
0.223535, 0.482136 
0.224042, 0.438110 
0.224549, 0.808264 
0.225057, 0.966429 
0.225564, 0.700361 
0.226071, 0.528393 
0.226579, 0.127303 
0.227087, 0.189838 
0.227595, 0.099076 
0.228103, 0.190675 
0.228611, 0.236679 
0.229119, 0.779603 
0.229628, 0.862465 
0.230136, 1.191098 
0.230645, 2.246573 
0.231154, 1.013482 
0.231663, 0.681299 
0.232172, 0.732650 
0.232681, 1.009909 
0.233191, 0.770347 
0.233701, 0.678959 
0.234210, 0.852943 
0.234720, 1.124853 
0.235230, 0.832378 
0.235740, 0.543554 
0.236251, 0.398902 
0.236761, 0.181478 
0.237272, 0.867226 
0.237783, 0.144246 
0.238294, 0.333912 
0.238805, 0.145558 
0.239316, 0.100014 
0.239827, 0.501707 
0.240339, 0.369278 
0.240850, 0.835840 
0.241362, 0.305260 
0.241874, 0.465365 
0.242386, 0.506594 
0.242898, 0.905752 
0.243411, 1.235044 
0.243923, 1.238715 
0.244436, 1.656334 
0.244949, 0.813510 
0.245462, 0.885477 
0.245975, 1.087370 
0.246488, 0.656579 
0.247001, 0.479453 
0.247515, 0.438012 
0.248029, 0.755413 
0.248543, 1.095957 
0.249057, 0.949339 
0.249571, 0.300171 
0.250085, 0.824513 
0.250599, 0.142980 
0.251114, 0.888245 
0.251629, 0.658853 
0.252144, 1.301312 
0.252659, 2.743128 
0.253174, 3.102181 
0.253689, 1.563349 
0.254205, 1.333486 
0.254720, 1.332429 
0.255236, 1.201265 
0.255752, 0.975393 
0.256268, 0.631324 
0.256784, 1.151432 
0.257300, 0.593856 
0.257817, 0.980338 
0.258334, 1.144958 
0.258850, 0.912948 
0.259367, 0.933738 
0.259885, 1.309277 
0.260402, 1.278826 
0.260919, 0.529857 
0.261437, 0.494893 
0.261955, 0.773818 
0.262472, 1.225287 
0.262990, 0.848560 
0.263509, 0.834698 
0.264027, 1.111077 
0.264545, 1.255430 
0.265064, 1.458052 
0.265583, 0.997485 
0.266102, 0.222207 
0.266621, 0.278701 
0.267140, 0.435610 
0.267659, 0.510072 
0.268179, 0.999503 
0.268699, 0.947687 
0.269218, 1.089283 
0.269738, 1.920081 
0.270259, 2.863338 
0.270779, 1.774746 
0.271299, 1.249179 
0.271820, 1.966379 
0.272341, 2.134889 
0.272862, 2.151387 
0.273383, 1.094612 
0.273904, 0.341017 
0.274425, 0.205605 
0.274947, 0.135169 
0.275468, 0.110279 
0.275990, 0.208194 
0.276512, 0.478648 
0.277034, 0.264053 
0.277557, 0.397782 
0.278079, 0.776740 
0.278602, 0.269013 
0.279124, 1.217204 
0.279647, 1.628608 
0.280170, 2.597554 
0.280694, 2.557275 
0.281217, 1.827318 
0.281741, 1.175498 
0.282264, 0.665673 
0.282788, 0.638428 
0.283312, 0.732230 
0.283836, 0.618357 
0.284361, 1.106479 
0.284885, 2.178300 
0.285410, 2.605172 
0.285934, 1.662153 
0.286459, 1.103739 
0.286984, 1.785219 
0.287510, 1.511651 
0.288035, 1.456283 
0.288561, 1.066440 
0.289086, 1.070672 
0.289612, 1.068865 
0.290138, 1.124724 
0.290664, 0.630530 
0.291191, 0.462000 
0.291717, 0.586100 
0.292244, 1.229866 
0.292771, 1.179519 
0.293298, 0.681157 
0.293825, 0.688545 
0.294352, 0.667446 
0.294880, 0.710932 
0.295407, 1.041624 
0.295935, 2.319117 
0.296463, 2.687439 
0.296991, 1.933714 
0.297519, 1.352864 
0.298048, 0.722692 
0.298576, 0.717814 
0.299105, 1.344544 
0.299634, 0.935954 
0.300163, 0.468581 
0.300692, 0.801894 
0.301222, 0.473854 
0.301751, 0.709059 
0.302281, 1.075571 
0.302811, 1.366741 
0.303341, 1.026578 
0.303871, 0.958748 
0.304401, 0.220560 
0.304932, 0.963364 
0.305462, 0.680947 
0.305993, 0.823767 
0.306524, 0.855900 
0.307055, 0.716334 
0.307587, 0.774809 
0.308118, 0.507951 
0.308650, 0.876512 
0.309181, 0.773278 
0.309713, 0.683096 
0.310245, 0.713289 
0.310778, 0.674213 
0.311310, 1.199445 
0.311843, 1.398153 
0.312376, 1.130310 
0.312908, 1.013612 
0.313442, 1.291666 
0.313975, 1.899110 
0.314508, 1.743585 
0.315042, 1.026858 
0.315576, 0.569102 
0.316109, 1.099224 
0.316643, 0.772909 
0.317178, 0.991118 
0.317712, 0.854835 
0.318247, 0.995836 
0.318781, 0.434748 
0.319316, 0.793592 
0.319851, 0.576329 
0.320387, 0.450957 
0.320922, 0.318229 
0.321458, 0.294999 
0.321993, 0.451688 
0.322529, 1.024683 
0.323065, 3.012050 
0.323601, 1.745444 
0.324138, 0.981884 
0.324674, 0.815618 
0.325211, 1.124690 
0.325748, 1.232801 
0.326285, 1.564861 
0.326822, 1.437544 
0.327360, 1.216705 
0.327897, 0.850810 
0.328435, 0.873471 
0.328973, 0.834097 
0.329511, 0.836404 
0.330049, 0.700635 
0.330587, 1.668252 
0.331126, 2.640476 
0.331665, 3.002814 
0.332203, 7.543750 
0.332742, 10.864664 
0.333282, 3.385031 
0.333821, 1.659950 
0.334361, 1.821325 
0.334900, 1.793440 
0.335440, 1.598194 
0.335980, 1.393304 
0.336521, 1.400933 
0.337061, 1.917295 
0.337601, 2.337606 
0.338142, 1.653385 
0.338683, 0.812346 
0.339224, 0.479214 
0.339765, 0.176746 
0.340307, 0.115643 
0.340848, 0.087488 
0.341390, 0.126980 
0.341932, 0.577704 
0.342474, 1.077843 
0.343016, 1.268540 
0.343559, 1.539217 
0.344102, 0.977361 
0.344644, 1.347361 
0.345187, 1.142537 
0.345730, 0.532955 
0.346274, 0.358210 
0.346817, 0.404483 
0.347361, 0.581480 
0.347905, 0.484896 
0.348449, 0.767350 
0.348993, 1.292974 
0.349537, 1.628473 
0.350082, 1.570104 
0.350626, 1.118437 
0.351171, 0.657451 
0.351716, 0.495498 
0.352261, 0.679102 
0.352807, 0.673231 
0.353352, 1.400979 
0.353898, 0.791254 
0.354444, 0.872921 
0.354990, 1.555419 
0.355536, 5.299301 
0.356082, 6.055897 
0.356629, 2.151193 
0.357176, 2.361346 
0.357723, 2.380888 
0.358270, 1.936132 
0.358817, 1.600160 
0.359364, 1.042743 
0.359912, 0.565155 
0.360460, 1.105095 
0.361008, 0.092130 
0.361556, 0.573295 
0.362104, 0.204774 
0.362653, 0.752256 
0.363202, 0.304312 
0.363750, 1.046546 
0.364299, 0.457339 
0.364849, 0.470312 
0.365398, 0.629730 
0.365948, 0.450563 
0.366497, 0.334784 
0.367047, 0.460515 
0.367597, 0.550767 
0.368148, 0.613134 
0.368698, 0.472522 
0.369249, 0.427926 
0.369799, 0.269522 
0.370350, 0.272346 
0.370902, 0.584038 
0.371453, 0.830355 
0.372004, 0.771985 
0.372556, 0.527078 
0.373108, 0.291176 
0.373660, 0.362696 
0.374212, 0.588048 
0.374765, 0.524687 
0.375317, 0.697942 
0.375870, 0.720098 
0.376423, 0.456159 
0.376976, 0.176889 
0.377529, 0.678600 
0.378083, 0.492917 
0.378636, 0.507041 
0.379190, 0.668157 
0.379744, 1.737007 
0.380298, 1.742083 
0.380853, 0.924493 
0.381407, 0.663861 
0.381962, 0.610940 
0.382517, 1.216550 
0.383072, 1.265741 
0.383627, 1.148829 
0.384183, 0.676845 
0.384738, 0.604095 
0.385294, 0.366330 
0.385850, 0.472255 
0.386406, 0.418079 
0.386963, 0.480036 
0.387519, 0.228268 
0.388076, 0.651575 
0.388633, 0.412912 
0.389190, 0.725466 
0.389747, 0.417457 
0.390305, 0.543150 
0.390863, 0.513353 
0.391420, 0.469759 
0.391978, 0.705243 
0.392537, 1.353360 
0.393095, 2.192498 
0.393654, 1.827050 
0.394212, 1.542312 
0.394771, 1.114585 
0.395330, 1.334538 
0.395890, 2.247127 
0.396449, 2.371583 
0.397009, 1.322871 
0.397569, 1.547459 
0.398129, 1.699308 
0.398689, 1.078335 
0.399249, 0.571138 
0.399810, 0.514266 
0.400371, 0.948294 
0.400932, 0.412009 
0.401493, 1.232508 
0.402054, 1.581359 
0.402616, 1.721408 
0.403177, 1.443493 
0.403739, 0.903517 
0.404301, 0.561672 
0.404864, 0.723724 
0.405426, 1.293152 
0.405989, 2.208354 
0.406551, 2.209212 
0.407114, 1.190321 
0.407678, 0.808550 
0.408241, 0.705275 
0.408805, 0.627276 
0.409368, 0.795398 
0.409932, 1.209856 
0.410497, 1.358349 
0.411061, 1.154442 
0.411625, 0.848066 
0.412190, 1.247025 
0.412755, 0.825982 
0.413320, 0.816731 
0.413885, 1.336581 
0.414451, 1.404624 
0.415016, 0.960659 
0.415582, 0.939220 
0.416148, 1.162795 
0.416715, 1.310359 
0.417281, 0.966289 
0.417848, 0.550380 
0.418414, 0.707141 
0.418981, 0.392233 
0.419548, 0.887096 
0.420116, 2.068220 
0.420683, 1.555738 
0.421251, 0.782688 
0.421819, 0.695031 
0.422387, 1.128526 
0.422956, 1.012378 
0.423524, 0.658167 
0.424093, 0.452548 
0.424662, 0.510295 
0.425231, 1.110557 
0.425800, 1.244460 
0.426369, 1.390192 
0.426939, 2.197005 
0.427509, 1.929002 
0.428079, 1.298836 
0.428649, 0.942438 
0.429220, 1.122708 
0.429790, 2.025257 
0.430361, 4.427482 
0.430932, 7.101487 
0.431503, 7.048086 
0.432075, 7.902968 
0.432646, 10.728956 
0.433218, 7.772130 
0.433790, 3.272830 
0.434362, 2.309179 
0.434935, 1.551695 
0.435507, 0.830589 
0.436080, 0.868629 
0.436653, 1.128230 
0.437226, 0.891487 
0.437800, 1.235816 
0.438373, 0.776097 
0.438947, 1.547519 
0.439521, 2.872067 
0.440095, 2.630702 
0.440669, 1.544774 
0.441244, 1.051414 
0.441818, 0.669162 
0.442393, 0.288384 
0.442968, 0.301401 
0.443544, 0.842300 
0.444119, 1.419356 
0.444695, 2.155623 
0.445271, 1.756361 
0.445847, 0.910128 
0.446423, 0.649345 
0.447000, 0.634228 
0.447577, 0.660702 
0.448153, 0.945252 
0.448731, 0.681635 
0.449308, 0.461912 
0.449885, 0.619472 
0.450463, 0.642825 
0.451041, 1.068998 
0.451619, 1.363271 
0.452197, 1.015257 
0.452776, 0.777454 
0.453354, 1.287503 
0.453933, 1.569565 
0.454512, 2.562063 
0.455092, 3.307124 
0.455671, 5.617302 
0.456251, 6.353446 
0.456831, 2.580593 
0.457411, 1.833965 
0.457991, 2.034473 
0.458572, 2.098468 
0.459152, 1.031951 
0.459733, 1.388798 
0.460314, 1.205062 
0.460896, 0.673942 
0.461477, 0.455211 
0.462059, 0.516474 
0.462641, 0.561465 
0.463223, 0.411128 
0.463805, 0.697817 
0.464388, 0.811203 
0.464970, 1.545166 
0.465553, 3.671298 
0.466136, 4.008492 
0.466720, 2.236684 
0.467303, 2.237658 
0.467887, 2.038284 
0.468471, 2.238894 
0.469055, 2.674538 
0.469639, 1.894908 
0.470224, 1.461160 
0.470809, 1.477381 
0.471394, 1.046073 
0.471979, 0.836512 
0.472564, 1.077197 
0.473150, 0.406012 
0.473736, 0.750892 
0.474322, 0.536862 
0.474908, 0.335949 
0.475494, 0.786992 
0.476081, 0.970960 
0.476668, 1.000370 
0.477255, 1.222242 
0.477842, 1.347056 
0.478429, 1.588132 
0.479017, 1.311878 
0.479605, 1.215717 
0.480193, 1.777448 
0.480781, 1.947026 
0.481370, 1.229146 
0.481958, 1.424188 
0.482547, 1.929288 
0.483136, 2.653851 
0.483726, 2.448599 
0.484315, 2.003156 
0.484905, 1.820882 
0.485495, 2.072682 
0.486085, 3.496675 
0.486675, 5.346451 
0.487266, 6.217014 
0.487856, 3.915818 
0.488447, 3.279977 
0.489039, 1.286256 
0.489630, 2.250497 
0.490222, 2.062182 
0.490813, 2.225610 
0.491405, 3.254611 
0.491998, 4.898246 
0.492590, 27.287363 
0.493183, 18.155052 
0.493776, 1.153427 
0.494369, 1.507961 
0.494962, 0.892277 
0.495555, 0.993294 
0.496149, 1.938511 
0.496743, 2.216458 
0.497337, 3.085327 
0.497932, 3.800242 
0.498526, 3.590752 
0.499121, 3.070738 
0.499716, 3.696993 
0.500311, 2.638503 
0.500906, 1.302048 
0.501502, 1.097741 
0.502098, 0.620756 
0.502694, 0.763732 
0.503290, 0.746760 
0.503887, 0.721465 
0.504483, 1.075604 
0.505080, 0.692273 
0.505677, 1.033913 
0.506275, 0.812189 
0.506872, 0.153615 
0.507470, 0.551420 
0.508068, 0.061544 
0.508666, 0.522681 
0.509265, 0.060479 
0.509863, 0.586290 
0.510462, 0.100976 
0.511061, 0.992155 
0.511660, 0.269195 
0.512260, 0.770184 
0.512860, 0.965536 
0.513460, 1.352910 
0.514060, 1.383621 
0.514660, 1.114183 
0.515261, 0.938454 
0.515861, 1.141428 
0.516462, 0.701102 
0.517064, 0.649376 
0.517665, 1.176352 
0.518267, 1.407064 
0.518869, 1.897358 
0.519471, 2.225492 
0.520073, 1.838185 
0.520676, 1.471172 
0.521278, 1.700127 
0.521881, 2.904076 
0.522485, 4.958191 
0.523088, 2.445779 
0.523692, 1.027098 
0.524295, 2.822782 
0.524899, 3.849526 
0.525504, 4.464050 
0.526108, 2.575898 
0.526713, 1.760478 
0.527318, 1.193285 
0.527923, 0.791149 
0.528529, 0.899312 
0.529134, 0.683636 
0.529740, 0.646655 
0.530346, 0.888977 
0.530952, 1.087539 
0.531559, 0.814894 
0.532166, 0.435737 
0.532772, 0.845355 
0.533380, 1.439642 
0.533987, 1.858854 
0.534595, 1.777488 
0.535202, 1.827550 
0.535811, 3.217259 
0.536419, 4.423852 
0.537027, 3.778460 
0.537636, 2.345416 
0.538245, 2.225523 
0.538854, 3.090590 
0.539464, 2.585219 
0.540073, 1.342562 
0.540683, 0.916212 
0.541293, 1.436961 
0.541903, 0.659080 
0.542514, 0.642869 
0.543125, 0.586900 
0.543736, 0.790307 
0.544347, 0.733472 
0.544958, 1.503290 
0.545570, 2.018026 
0.546182, 2.059959 
0.546794, 3.328097 
0.547406, 3.391437 
0.548019, 2.513307 
0.548632, 1.317928 
0.549245, 0.869963 
0.549858, 0.927497 
0.550471, 0.912003 
0.551085, 1.448097 
0.551699, 1.063351 
0.552313, 0.723180 
0.552927, 0.302456 
0.553542, 0.701991 
0.554157, 0.638373 
0.554772, 0.469479 
0.555387, 0.591389 
0.556003, 0.880404 
0.556619, 1.283010 
0.557234, 1.241769 
0.557851, 1.026110 
0.558467, 1.317304 
0.559084, 1.350360 
0.559701, 0.926320 
0.560318, 0.221403 
0.560935, 0.326324 
0.561553, 0.618342 
0.562171, 1.205279 
0.562789, 0.686027 
0.563407, 0.749892 
0.564025, 1.345196 
0.564644, 1.371429 
0.565263, 1.134570 
0.565882, 0.648098 
0.566502, 1.199254 
0.567121, 0.948989 
0.567741, 1.491984 
0.568362, 1.828023 
0.568982, 1.408307 
0.569603, 1.047051 
0.570223, 0.723131 
0.570844, 0.540595 
0.571466, 0.282803 
0.572087, 0.505825 
0.572709, 0.513826 
0.573331, 0.672576 
0.573953, 0.524720 
0.574576, 0.526708 
0.575198, 0.559373 
0.575821, 0.621415 
0.576445, 0.634765 
0.577068, 0.818059 
0.577692, 0.760912 
0.578316, 0.779088 
0.578940, 0.599380 
0.579564, 0.413600 
0.580189, 0.354047 
0.580813, 0.319107 
0.581438, 0.202076 
0.582064, 0.236367 
0.582689, 0.213736 
0.583315, 0.402044 
0.583941, 0.827098 
0.584567, 0.773352 
0.585194, 0.593439 
0.585821, 0.545220 
0.586448, 0.318732 
0.587075, 0.379119 
0.587702, 0.533249 
0.588330, 0.660009 
0.588958, 0.839647 
0.589586, 0.531440 
0.590214, 0.570059 
0.590843, 0.537935 
0.591472, 0.566628 
0.592101, 0.943650 
0.592730, 0.442712 
0.593360, 0.899038 
0.593990, 1.254083 
0.594620, 1.457548 
0.595250, 1.498010 
0.595881, 1.304703 
0.596512, 0.918223 
0.597143, 0.812712 
0.597774, 1.083826 
0.598405, 1.503496 
0.599037, 1.828047 
0.599669, 1.222613 
0.600301, 0.630322 
0.600934, 0.876062 
0.601567, 1.184961 
0.602200, 1.427703 
0.602833, 1.543827 
0.603466, 1.619128 
0.604100, 0.817609 
0.604734, 0.527672 
0.605368, 0.436112 
0.606003, 0.234750 
0.606637, 0.242345 
0.607272, 0.682906 
0.607907, 0.821371 
0.608543, 0.934077 
0.609178, 0.980875 
0.609814, 0.971926 
0.610450, 1.080981 
0.611087, 1.235553 
0.611723, 1.077000 
0.612360, 2.127325 
0.612997, 2.922429 
0.613635, 1.207887 
0.614273, 3.086124 
0.614910, 2.285685 
0.615548, 1.241810 
0.616187, 0.557422 
0.616825, 0.199093 
0.617464, 0.323534 
0.618103, 1.043156 
0.618743, 0.493829 
0.619382, 0.948718 
0.620022, 0.779196 
0.620662, 1.024877 
0.621303, 0.887803 
0.621943, 1.096306 
0.622584, 1.510725 
0.623225, 1.385394 
0.623867, 0.619913 
0.624508, 0.634989 
0.625150, 0.179342 
0.625792, 0.250069 
0.626434, 0.010193 
0.627077, 0.226671 
0.627720, 0.001317 
0.628363, 0.019377 
0.629006, 0.157606 
0.629650, 0.000065 
0.630294, 0.081349 
0.630938, 0.191375 
0.631582, 0.000153 
0.632227, 0.393966 
0.632872, 0.117657 
0.633517, 0.435627 
0.634162, 0.280265 
0.634808, 0.743756 
0.635454, 0.634619 
0.636100, 1.498100 
0.636746, 2.392889 
0.637393, 2.136736 
0.638040, 1.139930 
0.638687, 1.629431 
0.639334, 2.166207 
0.639982, 1.670642 
0.640630, 1.178366 
0.641278, 1.765697 
0.641926, 2.741776 
0.642575, 2.485628 
0.643224, 2.243484 
0.643873, 2.677690 
0.644523, 3.323435 
0.645172, 3.333845 
0.645822, 2.704479 
0.646472, 2.188871 
0.647123, 2.430609 
0.647774, 2.620087 
0.648425, 2.099603 
0.649076, 2.481577 
0.649727, 2.065219 
0.650379, 1.403747 
0.651031, 0.903562 
0.651683, 0.437033 
0.652336, 0.609184 
0.652989, 1.021519 
0.653642, 0.897102 
0.654295, 0.609199 
0.654948, 0.098141 
0.655602, 0.312951 
0.656256, 0.063260 
0.656911, 0.229691 
0.657565, 0.223324 
0.658220, 0.094740 
0.658875, 0.165342 
0.659531, 0.103115 
0.660186, 0.015476 
0.660842, 0.036297 
0.661498, 0.107056 
0.662155, 0.116649 
0.662811, 0.793782 
0.663468, 1.331885 
0.664125, 1.156856 
0.664783, 0.778147 
0.665441, 0.682883 
0.666099, 0.574547 
0.666757, 0.458228 
0.667415, 0.844004 
0.668074, 1.217366 
0.668733, 1.624450 
0.669393, 1.988224 
0.670052, 0.879078 
0.670712, 0.390560 
0.671372, 0.296171 
0.672032, 0.622846 
0.672693, 1.100135 
0.673354, 1.344697 
0.674015, 0.830086 
0.674676, 0.814926 
0.675338, 0.751840 
0.676000, 0.910151 
0.676662, 1.299758 
0.677325, 1.105843 
0.677988, 0.955524 
0.678651, 0.812680 
0.679314, 0.938792 
0.679977, 1.236794 
0.680641, 1.676464 
0.681305, 1.830853 
0.681970, 1.722287 
0.682634, 1.419155 
0.683299, 1.071602 
0.683964, 0.726409 
0.684630, 0.837016 
0.685295, 0.359882 
0.685961, 0.697924 
0.686628, 0.854509 
0.687294, 0.396975 
0.687961, 0.381775 
0.688628, 0.719695 
0.689295, 0.338124 
0.689963, 0.693934 
0.690631, 0.858403 
0.691299, 0.643269 
0.691967, 1.081807 
0.692636, 1.660702 
0.693305, 1.898711 
0.693974, 2.805950 
0.694643, 2.439147 
0.695313, 0.906453 
0.695983, 0.125873 
0.696653, 0.503156 
0.697324, 0.365742 
0.697995, 0.574344 
0.698666, 0.301133 
0.699337, 0.221483 
0.700009, 0.701018 
0.700681, 1.358200 
0.701353, 1.265945 
0.702026, 0.917379 
0.702698, 0.734600 
0.703371, 1.053710 
0.704045, 1.657843 
0.704718, 1.931482 
0.705392, 0.916720 
0.706066, 0.494707 
0.706741, 0.586762 
0.707415, 0.281771 
0.708090, 0.644299 
0.708765, 0.709480 
0.709441, 0.985610 
0.710117, 1.100188 
0.710793, 0.937682 
0.711469, 1.144999 
0.712146, 1.075579 
0.712823, 1.357170 
0.713500, 1.302357 
0.714177, 1.462581 
0.714855, 1.810149 
0.715533, 2.512785 
0.716211, 1.874490 
0.716890, 0.805480 
0.717569, 0.439872 
0.718248, 0.508278 
0.718927, 1.534247 
0.719607, 1.955850 
0.720287, 1.271143 
0.720967, 1.452881 
0.721648, 1.013662 
0.722328, 1.227499 
0.723009, 2.042508 
0.723691, 2.709858 
0.724372, 2.489138 
0.725054, 2.790468 
0.725737, 3.175584 
0.726419, 2.976077 
0.727102, 3.045880 
0.727785, 2.473381 
0.728468, 1.407358 
0.729152, 0.624440 
0.729836, 0.722336 
0.730520, 0.847590 
0.731204, 0.517862 
0.731889, 0.516821 
0.732574, 0.895399 
0.733259, 1.147660 
0.733945, 0.877229 
0.734631, 0.514947 
0.735317, 0.664560 
0.736004, 0.786454 
0.736690, 0.754144 
0.737377, 0.983683 
0.738065, 1.610705 
0.738752, 0.854034 
0.739440, 0.320677 
0.740128, 0.167996 
0.740817, 0.073451 
0.741506, 0.183215 
0.742195, 0.257099 
0.742884, 0.604988 
0.743573, 0.482060 
0.744263, 0.878456 
0.744954, 1.243053 
0.745644, 1.035717 
0.746335, 0.682580 
0.747026, 0.484438 
0.747717, 0.576865 
0.748409, 0.809750 
0.749101, 0.955004 
0.749793, 1.014561 
0.750485, 0.431904 
0.751178, 0.147091 
0.751871, 0.156259 
0.752565, 0.839887 
0.753258, 1.145096 
0.753952, 1.072632 
0.754646, 0.945106 
0.755341, 0.800255 
0.756036, 0.525941 
0.756731, 0.272302 
0.757426, 0.392063 
0.758122, 0.283451 
0.758818, 0.368102 
0.759514, 0.613878 
0.760211, 0.730382 
0.760908, 0.815654 
0.761605, 1.352786 
0.762302, 1.952718 
0.763000, 1.176572 
0.763698, 0.792833 
0.764396, 0.506203 
0.765095, 0.285348 
0.765794, 0.159232 
0.766493, 0.066104 
0.767193, 0.117951 
0.767893, 0.303237 
0.768593, 0.595233 
0.769293, 0.636487 
0.769994, 0.367795 
0.770695, 0.579061 
0.771396, 0.659863 
0.772098, 0.851449 
0.772800, 0.380421 
0.773502, 0.150848 
0.774204, 0.616334 
0.774907, 2.727779 
0.775610, 4.604037 
0.776313, 2.259931 
0.777017, 1.016211 
0.777721, 1.106381 
0.778425, 1.495607 
0.779130, 1.550965 
0.779835, 1.190138 
0.780540, 1.672403 
0.781246, 2.130018 
0.781951, 1.083478 
0.782657, 0.516320 
0.783364, 0.629863 
0.784070, 0.765053 
0.784777, 0.746098 
0.785485, 0.441821 
0.786192, 0.783028 
0.786900, 0.960409 
0.787608, 0.403886 
0.788317, 1.098362 
0.789026, 0.220114 
0.789735, 0.939124 
0.790444, 0.606826 
0.791154, 0.612453 
0.791864, 0.663370 
0.792574, 0.681820 
0.793285, 0.972830 
0.793996, 1.055216 
0.794707, 1.011838 
0.795418, 1.053618 
0.796130, 1.371903 
0.796842, 0.950392 
0.797555, 1.354663 
0.798268, 1.383097 
0.798981, 0.448446 
0.799694, 0.152944 
0.800408, 0.090719 
0.801122, 0.099501 
0.801836, 0.147645 
0.802551, 0.261566 
0.803265, 0.307638 
0.803981, 0.837871 
0.804696, 0.623318 
0.805412, 0.441340 
0.806128, 0.457655 
0.806845, 0.028197 
0.807561, 0.080621 
0.808278, 0.296890 
0.808996, 0.641478 
0.809713, 0.878826 
0.810431, 0.794823 
0.811150, 0.593355 
0.811868, 0.464943 
0.812587, 0.258751 
0.813306, 0.595361 
0.814026, 1.268006 
0.814746, 1.258931 
0.815466, 0.552887 
0.816186, 0.582742 
0.816907, 0.655999 
0.817628, 0.491595 
0.818350, 0.661877 
0.819071, 0.836462 
0.819793, 0.849989 
0.820516, 0.981032 
0.821238, 0.906452 
0.821961, 0.893584 
0.822685, 0.374708 
0.823408, 0.301814 
0.824132, 0.166137 
0.824857, 0.098645 
0.825581, 0.198123 
0.826306, 0.446056 
0.827031, 0.598021 
0.827757, 0.472380 
0.828482, 0.215732 
0.829209, 0.550715 
0.829935, 0.456084 
0.830662, 0.706765 
0.831389, 0.897240 
0.832116, 0.739302 
0.832844, 0.580813 
0.833572, 0.568117 
0.834300, 0.518772 
0.835029, 0.490312 
0.835758, 0.643125 
0.836487, 0.606650 
0.837217, 0.450728 
0.837947, 0.738545 
0.838677, 0.614210 
0.839408, 0.568922 
0.840139, 0.694789 
0.840870, 1.323310 
0.841602, 1.177558 
0.842333, 0.503842 
0.843066, 0.464785 
0.843798, 0.321199 
0.844531, 0.776347 
0.845264, 0.958404 
0.845998, 0.854861 
0.846731, 0.872239 
0.847466, 0.525942 
0.848200, 0.962234 
0.848935, 0.550310 
0.849670, 0.546744 
0.850405, 1.104609 
0.851141, 1.160519 
0.851877, 1.239065 
0.852613, 1.244064 
0.853350, 1.091135 
0.854087, 1.200714 
0.854825, 1.098208 
0.855562, 0.655439 
0.856300, 0.979302 
0.857039, 1.656278 
0.857777, 2.109839 
0.858516, 1.263505 
0.859256, 0.953373 
0.859995, 2.414418 
0.860735, 1.539113 
0.861476, 0.427438 
0.862216, 0.093782 
0.862957, 0.199141 
0.863699, 1.038021 
0.864440, 0.884274 
0.865182, 0.253249 
0.865924, 0.365017 
0.866667, 0.795033 
0.867410, 0.756039 
0.868153, 0.371368 
0.868897, 0.168228 
0.869641, 0.283373 
0.870385, 0.559825 
0.871130, 0.920457 
0.871875, 0.952787 
0.872620, 0.805174 
0.873365, 0.970389 
0.874111, 0.847928 
0.874858, 1.343497 
0.875604, 1.192334 
0.876351, 0.776082 
0.877098, 0.770191 
0.877846, 0.712515 
0.878594, 0.743415 
0.879342, 1.089224 
0.880091, 2.851134 
0.880840, 8.390677 
0.881589, 2.730358 
0.882338, 1.785069 
0.883088, 2.557659 
0.883839, 1.293025 
0.884589, 0.812398 
0.885340, 0.817063 
0.886091, 0.779761 
0.886843, 0.879882 
0.887595, 1.951681 
0.888347, 1.864010 
0.889100, 0.941360 
0.889853, 0.682763 
0.890606, 0.443122 
0.891360, 0.639099 
0.892114, 1.003828 
0.892868, 0.595171 
0.893623, 0.773371 
0.894378, 1.281850 
0.895133, 1.100132 
0.895889, 2.805876 
0.896645, 4.441775 
0.897401, 3.911136 
0.898158, 2.661241 
0.898915, 3.248848 
0.899672, 4.370512 
0.900430, 7.147218 
0.901188, 6.427203 
0.901946, 3.535967 
0.902705, 2.361078 
0.903464, 1.213093 
0.904224, 1.027747 
0.904983, 0.259290 
0.905743, 0.919672 
0.906504, 0.245887 
0.907265, 1.107137 
0.908026, 0.763736 
0.908787, 1.173528 
0.909549, 1.418582 
0.910311, 2.145816 
0.911074, 2.566169 
0.911837, 3.888083 
0.912600, 4.555111 
0.913364, 3.223481 
0.914127, 1.271920 
0.914892, 0.664660 
0.915656, 0.652137 
0.916421, 1.169611 
0.917187, 1.316745 
0.917952, 1.333550 
0.918718, 1.042178 
0.919485, 0.950518 
0.920251, 0.263690 
0.921018, 1.018162 
0.921786, 1.082411 
0.922553, 1.826644 
0.923322, 1.514665 
0.924090, 1.235893 
0.924859, 1.156631 
0.925628, 1.281832 
0.926397, 0.977987 
0.927167, 0.452643 
0.927938, 0.572991 
0.928708, 0.511882 
0.929479, 0.403380 
0.930250, 0.374788 
0.931022, 1.296641 
0.931794, 1.661306 
0.932566, 0.955770 
0.933339, 0.972629 
0.934112, 1.193427 
0.934885, 1.672373 
0.935659, 1.613444 
0.936433, 1.560068 
0.937207, 1.635088 
0.937982, 1.341363 
0.938757, 0.910955 
0.939533, 0.542136 
0.940309, 1.114730 
0.941085, 0.596105 
0.941862, 0.707384 
0.942638, 0.878688 
0.943416, 0.626422 
0.944193, 0.860172 
0.944971, 0.925548 
0.945750, 0.880600 
0.946528, 1.064693 
0.947308, 0.747039 
0.948087, 0.605079 
0.948867, 0.859085 
0.949647, 0.870691 
0.950427, 0.702050 
0.951208, 0.810803 
0.951990, 0.944391 
0.952771, 0.988226 
0.953553, 0.953302 
0.954335, 1.087896 
0.955118, 1.441615 
0.955901, 1.510803 
0.956685, 1.503537 
0.957468, 1.924263 
0.958252, 2.154981 
0.959037, 3.440648 
0.959822, 2.124303 
0.960607, 0.963965 
0.961393, 0.849499 
0.962179, 1.112639 
0.962965, 0.719559 
0.963752, 2.303517 
0.964539, 2.659416 
0.965326, 1.181600 
0.966114, 1.048311 
0.966902, 1.289622 
0.967690, 1.398722 
0.968479, 1.567948 
0.969269, 1.673189 
0.970058, 0.830152 
0.970848, 0.312468 
0.971638, 0.212107 
0.972429, 0.837786 
0.973220, 2.497711 
0.974012, 2.211492 
0.974804, 1.965166 
0.975596, 2.405852 
0.976388, 2.109432 
0.977181, 4.964166 
0.977974, 3.284344 
0.978768, 1.173142 
0.979562, 1.274835 
0.980357, 0.248112 
0.981151, 1.167536 
0.981946, 0.218796 
0.982742, 0.673852 
0.983538, 0.497451 
0.984334, 0.652355 
0.985131, 0.641769 
0.985928, 0.988051 
0.986725, 1.501304 
0.987523, 1.329956 
0.988321, 1.765613 
0.989120, 1.821592 
0.989918, 1.191435 
0.990718, 1.400279 
0.991517, 1.404755 
0.992317, 1.296253 
0.993118, 1.440878 
0.993919, 1.135397 
0.994720, 1.098785 
0.995521, 0.713329 
0.996323, 1.145762 
0.997125, 0.687515 
0.997928, 0.445646 
0.998731, 0.425752 
0.999534, 0.435888 
1.000338, 0.651736 
1.001142, 0.913990 
1.001947, 1.093795 
1.002752, 0.896135 
1.003557, 1.600478 
1.004363, 2.697626 
1.005169, 7.062968 
1.005975, 5.563099 
1.006782, 1.762104 
1.007589, 1.011938 
1.008397, 1.162517 
1.009205, 1.034757 
1.010013, 0.825909 
1.010822, 0.923255 
1.011631, 0.772018 
1.012440, 0.373160 
1.013250, 0.316841 
1.014061, 0.640341 
1.014871, 0.898678 
1.015682, 0.917286 
1.016494, 1.158689 
1.017305, 1.390161 
1.018118, 1.172068 
1.018930, 0.835856 
1.019743, 0.702989 
1.020556, 1.155535 
1.021370, 1.883146 
1.022184, 1.805590 
1.022999, 1.200334 
1.023814, 1.602529 
1.024629, 1.450696 
1.025445, 0.846923 
1.026261, 0.850908 
1.027077, 1.121382 
1.027894, 0.830227 
1.028711, 0.599575 
1.029529, 0.864589 
1.030347, 0.771412 
1.031165, 0.975282 
1.031984, 1.118765 
1.032803, 0.739126 
1.033623, 1.203351 
1.034443, 1.275394 
1.035263, 1.433476 
1.036084, 1.395971 
1.036905, 1.728614 
1.037726, 2.385378 
1.038548, 2.773796 
1.039371, 7.397987 
1.040193, 8.367749 
1.041016, 5.264815 
1.041840, 3.965446 
1.042664, 2.012275 
1.043488, 1.886218 
1.044313, 1.480336 
1.045138, 1.417377 
1.045963, 2.222883 
1.046789, 2.915548 
1.047615, 2.114958 
1.048442, 1.382659 
1.049269, 1.817566 
1.050096, 2.122805 
1.050924, 2.467839 
1.051753, 2.944101 
1.052581, 2.366344 
1.053410, 1.779230 
1.054240, 0.699814 
1.055070, 0.874501 
1.055900, 0.791790 
1.056730, 1.097872 
1.057561, 1.528323 
1.058393, 1.354851 
1.059225, 1.262565 
1.060057, 1.213753 
1.060890, 1.555016 
1.061723, 1.591939 
1.062556, 0.895253 
1.063390, 0.414808 
1.064224, 0.132036 
1.065059, 0.513871 
1.065894, 0.748787 
1.066729, 1.926208 
1.067565, 7.875601 
1.068402, 6.380028 
1.069238, 4.540876 
1.070075, 4.406010 
1.070913, 3.384492 
1.071751, 2.535012 
1.072589, 1.839893 
1.073428, 2.998429 
1.074267, 4.757993 
1.075106, 1.403294 
1.075946, 0.539715 
1.076787, 0.897608 
1.077627, 0.147415 
1.078469, 1.049117 
1.079310, 0.440376 
1.080152, 1.431701 
1.080995, 1.206749 
1.081837, 0.665444 
1.082681, 0.249196 
1.083524, 0.350795 
1.084368, 0.069987 
1.085213, 0.418130 
1.086057, 0.448834 
1.086903, 0.215123 
1.087748, 0.302853 
1.088595, 0.467634 
1.089441, 0.601055 
1.090288, 0.654319 
1.091135, 0.544198 
1.091983, 0.438450 
1.092831, 0.177387 
1.093680, 0.117602 
1.094529, 0.256803 
1.095378, 0.394088 
1.096228, 0.366925 
1.097078, 0.629301 
1.097929, 0.775682 
1.098780, 0.957922 
1.099631, 1.575778 
1.100483, 1.239368 
1.101336, 0.876939 
1.102188, 0.860255 
1.103041, 0.896859 
1.103895, 0.688300 
1.104749, 0.512223 
1.105603, 0.380372 
1.106458, 0.847404 
1.107314, 0.979243 
1.108169, 0.352452 
1.109025, 0.524827 
1.109882, 0.463582 
1.110739, 0.650437 
1.111596, 0.839435 
1.112454, 0.388039 
1.113312, 0.541614 
1.114171, 0.458314 
1.115030, 0.466991 
1.115889, 0.535976 
1.116749, 0.444217 
1.117609, 0.393857 
1.118470, 0.722484 
1.119331, 0.752019 
1.120193, 0.362256 
1.121055, 0.055274 
1.121917, 0.050905 
1.122780, 0.216203 
1.123644, 0.329139 
1.124507, 0.342600 
1.125371, 0.497261 
1.126236, 0.678507 
1.127101, 1.037013 
1.127966, 0.916078 
1.128832, 0.625151 
1.129699, 0.977946 
1.130565, 1.875392 
1.131433, 1.941324 
1.132300, 1.259613 
1.133168, 0.921317 
1.134037, 0.915374 
1.134905, 0.709608 
1.135775, 0.532356 
1.136644, 1.385818 
1.137515, 2.909374 
1.138385, 2.714792 
1.139256, 1.761896 
1.140128, 1.880647 
1.141000, 1.335347 
1.141872, 0.628959 
1.142745, 0.152234 
1.143618, 0.192972 
1.144492, 0.296062 
1.145366, 0.188796 
1.146240, 0.400864 
1.147115, 0.486321 
1.147991, 0.458910 
1.148866, 1.008018 
1.149743, 0.437166 
1.150619, 0.819243 
1.151496, 0.744674 
1.152374, 0.824032 
1.153252, 0.606681 
1.154130, 0.444599 
1.155009, 0.400426 
1.155889, 0.951552 
1.156768, 3.694739 
1.157649, 1.926669 
1.158529, 0.406839 
1.159410, 0.206855 
1.160292, 0.290542 
1.161174, 0.598976 
1.162056, 1.179341 
1.162939, 0.859964 
1.163822, 0.311238 
1.164706, 0.271094 
1.165590, 0.759431 
1.166475, 0.478554 
1.167360, 0.754156 
1.168246, 0.834025 
1.169132, 0.219932 
1.170018, 0.403687 
1.170905, 0.046466 
1.171792, 0.180108 
1.172680, 0.050886 
1.173568, 0.363119 
1.174457, 0.335158 
1.175346, 0.731055 
1.176235, 1.385694 
1.177125, 1.307853 
1.178016, 1.361503 
1.178907, 1.635790 
1.179798, 1.341105 
1.180690, 1.074934 
1.181582, 1.030712 
1.182475, 1.503965 
1.183368, 3.172132 
1.184261, 1.913903 
1.185155, 0.976537 
1.186050, 1.213701 
1.186945, 0.915773 
1.187840, 1.024891 
1.188736, 2.779620 
1.189632, 4.066568 
1.190529, 5.495881 
1.191426, 4.841753 
1.192324, 1.674383 
1.193222, 1.234857 
1.194121, 0.364464 
1.195020, 1.164528 
1.195919, 0.803468 
1.196819, 0.635517 
1.197720, 1.235668 
1.198621, 0.781471 
1.199522, 0.927136 
1.200424, 1.281967 
1.201326, 0.982544 
1.202229, 1.061050 
1.203132, 1.521755 
1.204035, 1.991493 
1.204939, 2.793773 
1.205844, 2.781497 
1.206749, 2.198251 
1.207654, 6.607560 
1.208560, 3.753097 
1.209467, 0.474017 
1.210373, 0.453190 
1.211281, 1.458121 
1.212189, 1.622828 
1.213097, 0.803316 
1.214005, 0.666583 
1.214915, 0.477201 
1.215824, 0.349469 
1.216734, 0.498062 
1.217645, 0.443978 
1.218556, 0.968282 
1.219467, 0.685317 
1.220379, 0.856920 
1.221292, 1.546185 
1.222205, 3.102531 
1.223118, 7.240426 
1.224032, 1.325773 
1.224946, 1.004725 
1.225861, 0.582808 
1.226776, 0.544141 
1.227692, 0.564264 
1.228608, 0.960045 
1.229525, 1.592877 
1.230442, 2.731434 
1.231359, 4.282723 
1.232277, 3.188171 
1.233196, 2.387126 
1.234115, 2.053003 
1.235034, 1.390260 
1.235954, 0.858711 
1.236875, 0.814098 
1.237795, 0.463090 
1.238717, 0.690860 
1.239639, 1.051867 
1.240561, 0.991197 
1.241484, 0.945724 
1.242407, 0.735426 
1.243331, 0.651407 
1.244255, 0.517614 
1.245180, 0.365742 
1.246105, 0.858065 
1.247030, 0.211277 
1.247956, 1.013929 
1.248883, 0.447301 
1.249810, 0.750730 
1.250738, 0.657997 
1.251666, 0.487245 
1.252594, 0.692600 
1.253523, 0.963004 
1.254453, 0.827636 
1.255383, 0.335834 
1.256313, 0.420537 
1.257244, 0.804103 
1.258175, 0.880271 
1.259107, 0.685324 
1.260040, 0.510989 
1.260973, 0.433371 
1.261906, 0.278274 
1.262840, 0.892847 
1.263774, 0.251021 
1.264709, 0.707016 
1.265644, 0.335679 
1.266580, 0.792094 
1.267516, 1.139908 
1.268453, 1.324392 
1.269390, 1.975885 
1.270328, 2.943073 
1.271266, 6.114685 
1.272205, 11.037993 
1.273144, 13.361477 
1.274083, 6.171708 
1.275024, 2.902189 
1.275964, 1.141091 
1.276905, 0.880348 
1.277847, 0.508278 
1.278789, 0.728407 
1.279732, 0.283308 
1.280675, 0.421767 
1.281618, 0.486329 
1.282562, 0.213901 
1.283507, 0.480083 
1.284452, 0.573282 
1.285398, 0.703693 
1.286344, 1.306079 
1.287290, 1.742229 
1.288237, 2.527363 
1.289185, 3.028167 
1.290133, 2.721875 
1.291081, 2.488327 
1.292030, 1.552976 
1.292980, 0.573760 
1.293930, 0.371923 
1.294881, 0.353786 
1.295832, 0.495480 
1.296783, 0.537725 
1.297735, 0.651295 
1.298688, 0.784868 
1.299641, 2.319901 
1.300594, 3.741386 
1.301548, 2.663951 
1.302503, 2.399237 
1.303458, 2.644301 
1.304413, 2.349976 
1.305369, 1.259729 
1.306326, 0.863180 
1.307283, 0.729997 
1.308240, 0.808973 
1.309199, 1.196332 
1.310157, 1.087529 
1.311116, 0.485963 
1.312076, 0.548971 
1.313036, 0.522541 
1.313996, 1.163957 
1.314957, 0.914215 
1.315919, 0.715599 
1.316881, 0.838465 
1.317844, 0.394697 
1.318807, 0.797742 
1.319770, 0.640703 
1.320735, 1.513415 
1.321699, 1.981797 
1.322664, 1.552979 
1.323630, 1.287625 
1.324596, 1.177821 
1.325563, 1.553163 
1.326530, 1.922454 
1.327498, 2.504236 
1.328466, 2.381910 
1.329435, 2.165365 
1.330404, 1.914509 
1.331374, 2.077454 
1.332344, 2.150537 
1.333315, 1.991624 
1.334286, 1.168083 
1.335258, 0.282343 
1.336230, 0.672552 
1.337203, 0.619257 
1.338177, 0.509109 
1.339151, 0.896508 
1.340125, 0.996650 
1.341100, 0.703810 
1.342075, 1.507830 
1.343051, 1.601922 
1.344028, 1.056844 
1.345005, 0.924977 
1.345982, 0.264632 
1.346960, 0.664848 
1.347939, 0.841784 
1.348918, 1.058643 
1.349898, 1.149664 
1.350878, 0.764261 
1.351859, 0.597356 
1.352840, 1.103168 
1.353821, 1.043671 
1.354804, 0.643623 
1.355786, 1.019960 
1.356770, 2.016740 
1.357754, 3.268895 
1.358738, 2.276904 
1.359723, 1.800953 
1.360708, 1.195599 
1.361694, 0.834719 
1.362680, 0.936390 
1.363667, 1.022484 
1.364655, 1.064044 
1.365643, 1.170267 
1.366632, 1.532149 
1.367621, 1.781417 
1.368610, 1.273397 
1.369600, 0.983704 
1.370591, 1.335951 
1.371582, 0.706283 
1.372574, 0.631032 
1.373566, 1.152964 
1.374559, 1.338892 
1.375553, 1.197832 
1.376546, 0.996559 
1.377541, 0.910100 
1.378536, 1.207393 
1.379531, 1.146541 
1.380527, 1.096774 
1.381524, 1.689375 
1.382521, 2.241195 
1.383519, 1.860871 
1.384517, 1.383952 
1.385516, 1.178893 
1.386515, 1.246913 
1.387515, 0.656310 
1.388515, 0.953259 
1.389516, 1.160389 
1.390517, 1.140793 
1.391519, 1.037554 
1.392522, 0.820304 
1.393525, 0.971536 
1.394528, 1.149409 
1.395532, 1.989169 
1.396537, 2.617615 
1.397542, 1.249702 
1.398548, 0.914876 
1.399554, 0.899668 
1.400561, 1.203313 
1.401569, 1.448492 
1.402577, 2.170935 
1.403585, 2.465226 
1.404594, 1.012811 
1.405604, 0.343417 
1.406614, 0.535946 
1.407624, 1.679783 
1.408636, 1.196402 
1.409647, 1.139452 
1.410660, 1.567728 
1.411673, 1.813374 
1.412686, 1.511093 
1.413700, 0.646541 
1.414715, 0.245555 
1.415730, 0.094308 
1.416745, 0.198416 
1.417761, 0.352381 
1.418778, 0.283358 
1.419795, 0.800690 
1.420813, 0.233920 
1.421832, 0.428970 
1.422851, 0.238707 
1.423870, 0.142786 
1.424890, 0.239424 
1.425911, 0.395171 
1.426932, 0.173233 
1.427954, 0.222592 
1.428976, 0.269542 
1.429999, 0.559733 
1.431022, 0.838465 
1.432046, 1.074247 
1.433071, 0.810674 
1.434096, 0.373974 
1.435122, 0.214504 
1.436148, 0.258694 
1.437175, 0.500451 
1.438202, 0.336931 
1.439230, 0.429620 
1.440258, 0.619512 
1.441287, 0.385825 
1.442317, 0.595471 
1.443347, 0.375279 
1.444378, 0.614452 
1.445409, 0.365798 
1.446441, 0.908476 
1.447473, 0.486841 
1.448506, 0.749810 
1.449540, 0.996593 
1.450574, 0.918593 
1.451609, 1.179049 
1.452644, 0.966769 
1.453680, 0.951893 
1.454716, 1.096097 
1.455753, 1.301100 
1.456791, 1.594798 
1.457829, 1.638035 
1.458868, 1.333446 
1.459907, 1.361808 
1.460947, 1.421947 
1.461987, 1.828840 
1.463028, 1.519241 
1.464070, 1.124366 
1.465112, 0.971485 
1.466154, 2.007608 
1.467198, 3.731511 
1.468242, 1.421723 
1.469286, 0.947633 
1.470331, 0.856443 
1.471377, 0.556034 
1.472423, 0.958095 
1.473470, 1.132581 
1.474517, 3.038546 
1.475565, 4.464263 
1.476613, 1.715307 
1.477662, 1.170371 
1.478712, 1.184074 
1.479762, 0.276577 
1.480813, 1.211334 
1.481864, 0.473392 
1.482916, 0.881729 
1.483969, 0.651904 
1.485022, 0.528655 
1.486076, 1.003226 
1.487130, 0.886495 
1.488185, 0.666082 
1.489241, 0.686421 
1.490297, 0.728015 
1.491353, 0.862704 
1.492411, 0.911150 
1.493468, 0.722428 
1.494527, 0.597648 
1.495586, 0.712127 
1.496645, 0.685020 
1.497706, 1.161660 
1.498766, 0.918897 
1.499828, 0.914981 
1.500890, 0.445407 
1.501952, 0.206925 
1.503015, 0.525959 
1.504079, 1.243504 
1.505144, 1.631835 
1.506208, 2.011196 
1.507274, 2.293431 
1.508340, 2.862355 
1.509407, 1.671318 
1.510474, 1.120926 
1.511542, 1.262453 
1.512611, 1.962345 
1.513680, 1.560428 
1.514749, 1.159804 
1.515820, 0.646060 
1.516891, 1.089429 
1.517962, 1.170303 
1.519034, 2.179409 
1.520107, 4.683726 
1.521180, 2.919832 
1.522254, 1.506437 
1.523329, 0.948918 
1.524404, 0.440335 
1.525479, 0.340309 
1.526556, 0.754672 
1.527633, 0.386340 
1.528710, 0.816708 
1.529788, 1.104322 
1.530867, 1.312396 
1.531946, 0.907777 
1.533026, 0.942177 
1.534107, 1.000388 
1.535188, 0.970359 
1.536270, 1.042124 
1.537352, 1.014624 
1.538435, 0.841378 
1.539519, 0.977171 
1.540603, 0.254522 
1.541688, 0.311798 
1.542773, 0.330738 
1.543859, 0.228672 
1.544946, 0.133679 
1.546033, 0.190119 
1.547121, 0.052806 
1.548210, 0.245219 
1.549299, 0.082098 
1.550389, 0.662396 
1.551479, 0.302312 
1.552570, 0.745796 
1.553662, 0.450569 
1.554754, 0.697249 
1.555847, 0.474861 
1.556940, 1.165170 
1.558034, 1.090708 
1.559129, 0.771250 
1.560224, 0.814985 
1.561320, 1.255519 
1.562417, 1.153572 
1.563514, 0.965588 
1.564611, 0.775777 
1.565710, 0.983470 
1.566809, 1.005287 
1.567909, 0.979542 
1.569009, 0.762826 
1.570110, 0.849371 
1.571211, 0.816223 
1.572313, 0.789594 
1.573416, 1.246292 
1.574520, 2.913047 
1.575624, 1.923289 
1.576728, 1.119672 
1.577834, 0.977626 
1.578940, 0.925638 
1.580046, 0.986284 
1.581153, 1.506351 
1.582261, 3.904739 
1.583370, 2.212331 
1.584479, 0.888697 
1.585588, 0.777739 
1.586699, 0.335827 
1.587810, 0.774740 
1.588921, 1.246624 
1.590033, 0.767422 
1.591146, 1.420402 
1.592260, 0.855922 
1.593374, 0.870245 
1.594489, 1.251736 
1.595604, 0.578752 
1.596720, 1.647172 
1.597837, 1.217727 
1.598954, 0.804397 
1.600072, 1.822549 
1.601191, 0.851314 
1.602310, 1.370190 
1.603430, 1.313496 
1.604551, 0.842303 
1.605672, 1.202418 
1.606794, 1.352149 
1.607916, 1.078324 
1.609039, 0.595176 
1.610163, 0.757786 
1.611287, 0.915937 
1.612412, 0.320157 
1.613538, 0.792565 
1.614664, 0.438544 
1.615791, 0.509653 
1.616919, 0.814331 
1.618047, 1.500095 
1.619176, 4.977629 
1.620306, 5.869127 
1.621436, 9.957154 
1.622567, 5.822571 
1.623699, 1.776731 
1.624831, 0.416391 
1.625964, 0.209515 
1.627097, 0.189289 
1.628231, 0.190248 
1.629366, 0.285162 
1.630501, 0.382183 
1.631638, 0.700613 
1.632774, 1.213526 
1.633912, 1.316453 
1.635050, 1.186303 
1.636189, 0.740890 
1.637328, 0.742587 
1.638468, 0.793794 
1.639609, 0.812174 
1.640750, 0.795191 
1.641892, 1.230574 
1.643035, 1.295376 
1.644178, 1.102377 
1.645322, 0.776756 
1.646467, 0.535958 
1.647612, 0.666742 
1.648758, 1.140660 
1.649905, 0.835598 
1.651052, 0.816082 
1.652200, 0.622953 
1.653349, 0.651537 
1.654498, 0.906905 
1.655648, 0.718946 
1.656799, 0.824792 
1.657950, 1.177647 
1.659102, 0.832706 
1.660255, 0.608961 
1.661408, 0.594558 
1.662562, 0.479590 
1.663717, 0.938879 
1.664872, 0.340409 
1.666028, 1.612082 
1.667185, 11.326404 
1.668342, 5.256519 
1.669501, 3.468067 
1.670659, 2.519030 
1.671819, 1.984146 
1.672979, 2.703010 
1.674139, 4.482779 
1.675301, 3.175510 
1.676463, 1.338684 
1.677626, 1.065239 
1.678789, 1.030416 
1.679953, 0.407079 
1.681118, 1.062803 
1.682284, 0.915111 
1.683450, 0.390671 
1.684617, 0.995697 
1.685784, 1.331354 
1.686953, 2.567161 
1.688122, 4.448323 
1.689291, 7.049304 
1.690461, 7.365838 
1.691632, 1.843027 
1.692804, 0.581584 
1.693976, 1.068241 
1.695149, 0.920971 
1.696323, 0.649533 
1.697498, 0.714221 
1.698673, 0.622943 
1.699848, 0.481964 
1.701025, 0.583928 
1.702202, 0.548396 
1.703380, 1.073454 
1.704559, 0.397280 
1.705738, 1.116204 
1.706918, 0.720851 
1.708098, 0.315108 
1.709280, 0.248093 
1.710462, 0.192369 
1.711644, 0.086333 
1.712828, 0.084122 
1.714012, 0.221440 
1.715197, 0.494082 
1.716382, 0.700616 
1.717568, 0.437673 
1.718755, 0.276800 
1.719943, 0.273931 
1.721131, 0.446294 
1.722320, 0.789226 
1.723510, 1.092009 
1.724700, 1.126667 
1.725891, 0.839733 
1.727083, 0.552096 
1.728276, 0.486218 
1.729469, 0.616089 
1.730663, 0.585423 
1.731858, 0.407527 
1.733053, 0.272357 
1.734249, 0.713465 
1.735446, 0.719893 
1.736643, 1.269231 
1.737841, 1.530840 
1.739040, 1.438844 
1.740240, 1.228748 
1.741440, 0.513628 
1.742641, 0.723203 
1.743843, 0.839610 
1.745045, 0.800115 
1.746248, 1.083176 
1.747452, 0.716384 
1.748657, 0.733427 
1.749862, 1.084097 
1.751068, 1.388555 
1.752275, 1.389489 
1.753482, 1.290253 
1.754691, 1.173278 
1.755900, 1.019205 
1.757109, 0.952450 
1.758319, 0.749121 
1.759530, 0.673822 
1.760742, 0.745374 
1.761955, 0.159795 
1.763168, 0.402061 
1.764382, 0.257338 
1.765597, 0.484741 
1.766812, 1.109915 
1.768028, 0.611762 
1.769245, 0.520074 
1.770462, 1.002224 
1.771681, 1.102812 
1.772900, 0.742285 
1.774120, 0.412746 
1.775340, 0.301107 
1.776561, 0.461292 
1.777783, 0.862718 
1.779006, 1.399094 
1.780229, 1.364664 
1.781453, 1.065605 
1.782678, 1.115492 
1.783904, 1.107432 
1.785130, 1.047418 
1.786357, 1.018020 
1.787585, 1.593248 
1.788813, 2.617267 
1.790043, 2.334337 
1.791273, 1.348500 
1.792503, 0.851790 
1.793735, 0.615090 
1.794967, 1.094120 
1.796200, 1.237346 
1.797434, 1.267744 
1.798668, 1.202975 
1.799903, 0.805988 
1.801139, 0.665814 
1.802376, 0.680250 
1.803613, 0.400197 
1.804852, 0.423758 
1.806090, 0.877567 
1.807330, 1.079142 
1.808570, 1.181654 
1.809812, 1.575635 
1.811053, 1.932932 
1.812296, 1.506377 
1.813539, 1.259930 
1.814784, 1.637431 
1.816028, 1.605436 
1.817274, 1.374716 
1.818520, 1.596542 
1.819768, 1.740474 
1.821016, 3.117164 
1.822264, 3.064109 
1.823514, 2.245978 
1.824764, 1.502342 
1.826015, 1.785439 
1.827266, 2.070392 
1.828519, 3.244159 
1.829772, 4.644835 
1.831026, 3.089299 
1.832281, 2.155521 
1.833536, 2.361817 
1.834792, 3.973507 
1.836049, 5.699191 
1.837307, 5.901199 
1.838565, 2.355827 
1.839825, 0.941689 
1.841085, 0.633511 
1.842345, 0.638939 
1.843607, 0.533494 
1.844869, 0.529183 
1.846132, 0.549243 
1.847396, 0.535971 
1.848661, 0.964780 
1.849926, 1.210467 
1.851192, 1.036455 
1.852459, 1.734806 
1.853727, 2.517114 
1.854996, 2.689045 
1.856265, 1.296975 
1.857535, 0.698289 
1.858806, 0.934527 
1.860077, 0.988610 
1.861349, 1.069707 
1.862623, 0.970901 
1.863896, 0.572907 
1.865171, 0.626052 
1.866447, 2.219156 
1.867723, 5.969230 
1.869000, 2.889383 
1.870278, 1.389010 
1.871556, 0.961095 
1.872835, 0.962120 
1.874116, 1.538804 
1.875396, 1.731610 
1.876678, 1.451098 
1.877961, 0.949555 
1.879244, 1.091203 
1.880528, 1.288437 
1.881813, 1.283704 
1.883098, 0.614117 
1.884385, 0.827700 
1.885672, 0.784621 
1.886960, 0.751783 
1.888249, 1.378541 
1.889538, 1.747063 
1.890829, 1.473498 
1.892120, 1.195494 
1.893412, 0.550392 
1.894704, 0.542189 
1.895998, 0.538833 
1.897292, 0.131889 
1.898587, 0.296211 
1.899883, 0.210190 
1.901180, 0.162275 
1.902477, 0.304861 
1.903776, 0.512268 
1.905075, 0.984097 
1.906375, 1.214446 
1.907675, 1.121198 
1.908977, 0.607419 
1.910279, 0.586437 
1.911582, 0.728480 
1.912886, 0.930517 
1.914191, 1.040372 
1.915496, 0.614889 
1.916803, 0.652271 
1.918110, 0.707162 
1.919418, 0.350051 
1.920726, 0.268905 
1.922036, 0.441811 
1.923346, 0.736587 
1.924657, 1.539266 
1.925969, 3.175317 
1.927282, 1.343102 
1.928596, 0.416649 
1.929910, 0.227545 
1.931225, 0.158736 
1.932541, 0.225063 
1.933858, 0.268024 
1.935176, 0.241834 
1.936494, 0.293788 
1.937814, 0.341110 
1.939134, 0.886458 
1.940455, 1.049341 
1.941776, 1.589034 
1.943099, 1.240658 
1.944422, 0.857384 
1.945746, 0.672189 
1.947071, 0.118626 
1.948397, 0.330331 
1.949724, 0.029724 
1.951051, 0.109143 
1.952380, 0.421235 
1.953709, 1.323797 
1.955039, 2.846218 
1.956370, 1.825368 
1.957701, 0.624622 
1.959034, 0.425933 
1.960367, 1.026256 
1.961701, 2.787559 
1.963036, 2.680831 
1.964372, 2.796543 
1.965708, 2.490254 
1.967046, 2.472114 
1.968384, 2.162593 
1.969723, 1.893403 
1.971063, 0.893939 
1.972404, 1.400922 
1.973745, 1.723157 
1.975088, 3.112768 
1.976431, 3.200564 
1.977775, 2.539703 
1.979120, 2.437216 
1.980466, 1.624117 
1.981813, 1.506381 
1.983160, 1.710924 
1.984509, 1.638161 
1.985858, 0.769714 
1.987208, 1.647546 
1.988559, 0.620761 
1.989910, 1.105237 
1.991263, 0.414705 
1.992616, 0.683016 
1.993971, 1.319968 
1.995326, 1.260009 
1.996682, 1.224362 
1.998038, 0.706945 
1.999396, 1.773609 
2.000755, 3.217656 
2.002114, 7.590277 
2.003474, 13.345781 
2.004835, 8.549211 
2.006197, 2.270158 
2.007560, 0.977761 
2.008923, 0.390937 
2.010288, 0.245985 
2.011653, 0.128885 
2.013019, 0.500775 
2.014387, 0.221640 
2.015754, 0.803856 
2.017123, 1.112007 
2.018493, 1.406379 
2.019863, 1.218089 
2.021235, 1.197774 
2.022607, 1.158172 
2.023980, 1.396873 
2.025354, 1.876337 
2.026729, 2.271286 
2.028105, 1.109594 
2.029481, 0.873491 
2.030859, 0.771213 
2.032237, 0.806906 
2.033616, 1.291851 
2.034996, 1.605123 
2.036377, 1.937594 
2.037759, 1.827888 
2.039142, 1.749537 
2.040525, 0.977337 
2.041910, 0.639492 
2.043295, 0.803921 
2.044681, 0.427912 
2.046068, 1.272796 
2.047456, 2.422941 
2.048845, 2.440529 
2.050234, 2.442433 
2.051625, 2.756670 
2.053017, 1.899134 
2.054409, 0.846137 
2.055802, 1.257595 
2.057196, 1.585925 
2.058591, 2.184973 
2.059987, 2.862637 
2.061384, 2.545677 
2.062781, 2.142277 
2.064180, 1.487548 
2.065579, 1.681724 
2.066980, 2.990264 
2.068381, 1.607141 
2.069783, 1.255202 
2.071186, 1.775683 
2.072590, 2.570465 
2.073995, 1.931209 
2.075400, 1.309878 
2.076807, 0.798095 
2.078214, 1.396006 
2.079623, 1.510095 
2.081032, 1.539571 
2.082442, 1.527665 
2.083853, 1.212661 
2.085265, 1.046338 
2.086678, 1.639672 
2.088092, 1.447404 
2.089507, 1.361865 
2.090922, 0.789878 
2.092339, 0.466372 
2.093756, 0.506157 
2.095174, 0.682858 
2.096593, 0.652552 
2.098014, 1.583943 
2.099435, 1.854053 
2.100856, 0.869179 
2.102279, 0.270939 
2.103703, 0.365496 
2.105128, 0.351342 
2.106553, 0.547487 
2.107980, 1.375230 
2.109407, 2.065004 
2.110835, 1.516536 
2.112265, 1.558439 
2.113695, 1.987001 
2.115126, 1.598116 
2.116558, 1.317854 
2.117991, 2.281806 
2.119425, 4.288656 
2.120859, 5.379229 
2.122295, 3.869987 
2.123732, 2.712884 
2.125169, 1.660359 
2.126608, 0.596128 
2.128047, 0.176253 
2.129487, 0.666635 
2.130928, 0.405103 
2.132371, 0.747162 
2.133814, 0.804513 
2.135258, 0.394864 
2.136703, 0.898929 
2.138148, 1.195097 
2.139595, 1.277097 
2.141043, 1.245964 
2.142492, 1.043845 
2.143941, 0.807341 
2.145392, 0.666193 
2.146843, 0.214492 
2.148296, 0.672475 
2.149749, 0.560426 
2.151203, 0.323182 
2.152659, 0.670279 
2.154115, 0.204269 
2.155572, 0.587584 
2.157030, 1.001423 
2.158489, 2.119296 
2.159949, 1.349409 
2.161410, 0.838195 
2.162872, 0.610515 
2.164334, 0.657683 
2.165798, 0.948377 
2.167263, 1.014213 
2.168729, 0.956149 
2.170195, 0.932515 
2.171663, 0.961526 
2.173131, 0.752669 
2.174601, 0.331494 
2.176071, 0.893689 
2.177542, 0.278381 
2.179015, 0.709023 
2.180488, 0.643825 
2.181962, 1.095606 
2.183437, 1.303683 
2.184913, 1.458852 
2.186391, 1.409983 
2.187869, 1.187348 
2.189348, 0.735609 
2.190828, 0.245338 
2.192309, 0.261532 
2.193791, 0.307779 
2.195273, 0.443645 
2.196757, 1.422428 
2.198242, 1.948941 
2.199728, 1.806637 
2.201215, 2.471931 
2.202702, 1.505562 
2.204191, 0.908018 
2.205681, 0.483287 
2.207171, 0.737209 
2.208663, 1.336467 
2.210156, 1.786115 
2.211649, 2.279311 
2.213144, 2.211960 
2.214639, 1.783740 
2.216136, 1.628964 
2.217633, 2.380362 
2.219132, 4.534368 
2.220631, 10.776295 
2.222132, 8.413095 
2.223633, 2.944242 
2.225135, 2.428364 
2.226639, 2.505519 
2.228143, 1.833146 
2.229649, 1.197846 
2.231155, 1.049804 
2.232662, 0.727148 
2.234171, 1.032737 
2.235680, 0.238335 
2.237190, 0.596877 
2.238701, 0.432781 
2.240214, 0.727896 
2.241727, 0.960513 
2.243241, 0.799219 
2.244757, 0.521166 
2.246273, 0.572179 
2.247790, 0.435292 
2.249308, 0.460976 
2.250828, 0.630397 
2.252348, 0.856091 
2.253869, 0.599721 
2.255392, 0.590250 
2.256915, 0.498679 
2.258439, 0.709065 
2.259964, 1.343581 
2.261491, 1.404091 
2.263018, 1.862596 
2.264546, 1.121651 
2.266076, 0.640749 
2.267606, 0.371782 
2.269137, 0.243067 
2.270670, 0.179809 
2.272203, 0.318748 
2.273737, 0.781535 
2.275273, 0.788656 
2.276809, 0.816583 
2.278347, 0.218443 
2.279885, 0.362084 
2.281424, 0.300582 
2.282965, 0.760060 
2.284506, 0.340126 
2.286049, 0.581329 
2.287593, 0.545423 
2.289137, 0.480685 
2.290683, 0.586088 
2.292229, 0.642678 
2.293777, 0.421336 
2.295326, 1.091010 
2.296875, 2.291741 
2.298426, 0.849440 
2.299978, 0.473472 
2.301531, 0.450368 
2.303084, 0.648098 
2.304639, 0.687943 
2.306195, 0.803170 
2.307752, 1.097447 
2.309310, 0.772871 
2.310869, 0.680889 
2.312429, 1.150755 
2.313990, 1.889832 
2.315552, 3.041067 
2.317116, 3.439700 
2.318680, 5.509771 
2.320245, 6.842757 
2.321811, 4.584984 
2.323379, 3.241226 
2.324947, 3.854970 
2.326516, 5.567330 
2.328087, 10.658487 
2.329658, 3.497583 
2.331231, 2.430703 
2.332805, 2.169027 
2.334379, 2.721838 
2.335955, 3.047664 
2.337532, 2.459029 
2.339110, 1.547649 
2.340689, 1.053607 
2.342269, 1.205988 
2.343850, 0.819264 
2.345432, 0.760221 
2.347015, 0.952947 
2.348599, 1.476241 
2.350184, 1.915760 
2.351771, 1.412900 
2.353358, 0.458383 
2.354946, 0.497343 
2.356536, 0.140256 
2.358126, 0.754137 
2.359718, 0.039984 
2.361311, 0.625996 
2.362905, 0.158579 
2.364499, 0.622074 
2.366095, 0.957963 
2.367692, 2.551287 
2.369290, 4.026259 
2.370890, 8.522288 
2.372490, 10.075463 
2.374091, 2.208818 
2.375694, 3.013538 
2.377297, 2.398187 
2.378902, 4.982370 
2.380507, 4.646653 
2.382114, 2.264795 
2.383722, 1.993808 
2.385331, 4.145391 
2.386941, 4.663403 
2.388552, 1.596811 
2.390164, 0.588875 
2.391777, 0.352730 
2.393391, 0.799690 
2.395007, 0.456420 
2.396623, 0.599361 
2.398241, 0.818983 
2.399859, 1.310906 
2.401479, 0.530399 
2.403100, 1.029674 
2.404722, 0.716935 
2.406345, 0.713894 
2.407969, 1.142783 
2.409594, 0.772361 
2.411221, 0.420845 
2.412848, 0.193200 
2.414477, 0.452667 
2.416107, 0.086526 
2.417737, 0.589797 
2.419369, 0.377759 
2.421002, 0.312249 
2.422636, 0.517825 
2.424272, 0.714243 
2.425908, 0.311157 
2.427545, 1.104917 
2.429184, 0.920276 
2.430823, 0.873647 
2.432464, 1.214033 
2.434106, 1.712991 
2.435749, 2.183159 
2.437393, 1.910969 
2.439039, 1.344672 
2.440685, 1.097222 
2.442332, 0.988874 
2.443981, 0.960908 
2.445631, 0.387624 
2.447282, 0.607551 
2.448934, 0.358881 
2.450587, 0.550307 
2.452241, 0.467731 
2.453896, 0.426391 
2.455553, 0.301342 
2.457210, 0.529804 
2.458869, 0.466244 
2.460529, 0.670849 
2.462190, 1.098833 
2.463852, 0.870651 
2.465516, 0.872787 
2.467180, 2.014699 
2.468846, 6.714592 
2.470512, 17.221933 
2.472180, 7.196699 
2.473849, 1.767752 
2.475519, 1.177916 
2.477190, 1.066440 
2.478863, 1.078139 
2.480536, 1.168370 
2.482211, 0.841769 
2.483887, 0.389827 
2.485564, 0.469009 
2.487242, 0.185928 
2.488922, 0.331967 
2.490602, 0.384289 
2.492284, 0.720418 
2.493966, 0.826604 
2.495650, 0.730642 
2.497335, 0.827282 
2.499022, 0.436027 
2.500709, 0.239893 
2.502398, 0.545983 
2.504087, 0.883579 
2.505778, 1.036647 
2.507470, 0.747167 
2.509164, 0.498711 
2.510858, 0.880245 
2.512554, 1.792994 
2.514250, 2.323168 
2.515948, 1.223286 
2.517647, 0.777911 
2.519348, 0.378287 
2.521049, 0.336386 
2.522752, 0.596572 
